byr,race,year,type,interval,nj,nj0,p_xl,p_l,earnings,iweight,iweight_old,nsrvd,ps_r,ern74,ern75,ern76,ern77,ern78,ern79,ern80,ern81,ern82,ern83,ern84
50,1,74,ADJ,1,8626,1352.420993804932,.034807213,.023858268,8853.9404,.00024618054,.00017538373,,.3527,1,.77135831,.69483513,.5680154,.47650367,.40712124,.34270778,.472947,.35488653,.38729551,.40879324
50,1,75,ADJ,1,8615,1557.796005249023,.056729976,.026817419,9062.6396,.00019286758,.00013937092,,.3527,.77135831,1,.80331779,.71135074,.64306563,.53959018,.53392202,.57763851,.40669954,.39848506,.40810561
50,1,76,ADJ,1,8606,1603.023988723755,.080074959,.030405074,10096.056,.00016533211,.00011689847,,.3527,.69483513,.80331779,1,.81918144,.64981115,.61018765,.57566899,.61715877,.43717015,.44455999,.42339289
50,1,77,ADJ,1,8592,1588.515991210938,.11001267,.038435299,10916.072,.00015390507,.0001066961,,.3527,.5680154,.71135074,.81918144,1,.73078823,.66164881,.64452153,.68931752,.55216336,.56685126,.48847538
50,1,78,ADJ,1,8574,1608.004999160767,.14242531,.045427106,11738.444,.00013230019,.000092200811,,.3527,.47650367,.64306563,.64981115,.73078823,1,.8108601,.69024533,.70468205,.48916522,.50355726,.42948821
50,1,79,ADJ,1,8564,1604.612995147705,.094944425,.029398136,12266.645,.00012418628,.000084903062,,.3527,.40712124,.53959018,.61018765,.66164881,.8108601,1,.81615031,.73510188,.55731541,.53378898,.48561585
50,1,80,ADJ,2,7337,1454.788990020752,.099682078,.023973808,12227.259,.00010473302,.000070474751,,.19329999,.34270778,.53392202,.57566899,.64452153,.69024533,.81615031,1,.81148255,.78974766,.7015174,.6241101
50,1,81,ADJ,2,7327,1488.580993652344,.09642268,.020412203,12468.114,.00009189421,.000062997671,,.19329999,.472947,.57763851,.61715877,.68931752,.70468205,.73510188,.81148255,1,.72864467,.63436896,.66685414
50,1,82,ADJ,2,7318,1581.193004608154,.10071456,.019789755,12772.994,.000070932285,.000051157022,,.19329999,.35488653,.40669954,.43717015,.55216336,.48916522,.55731541,.78974766,.72864467,1,.80891335,.71032542
50,1,83,ADJ,1,8521,1949.139980316162,.087916359,.01656213,12912.596,.000080529549,.000056576278,,.3527,.38729551,.39848506,.44455999,.56685126,.50355726,.53378898,.7015174,.63436896,.80891335,1,.79067647
50,1,84,ADJ,1,8508,2049.25899887085,.095780589,.022723004,13405.694,.000071392897,.000049855891,,.3527,.40879324,.40810561,.42339289,.48847538,.42948821,.48561585,.6241101,.66685414,.71032542,.79067647,1
50,2,74,ADJ,2,2554,835.9650058746338,.030128025,.01046719,7715.8423,.000066706089,.000038173472,,.1354,1,.673253,.60278499,.50000381,.43186221,.41873747,.3922033,.21696199,.23842622,.25658998,.40580103
50,2,75,ADJ,2,2549,895.7800035476685,.037445713,.012659537,7840.3071,.000061207102,.000034301262,,.1354,.673253,1,.65962386,.56268966,.52154839,.45359465,.37155688,.24856623,.30334753,.23542917,.39237165
50,2,76,ADJ,1,2848,985.7839889526367,.058607593,.017674642,8633.2568,.000024687175,.000018773559,,.1957,.60278499,.65962386,1,.61876893,.57493812,.47353154,.39000618,.3132073,.35009411,.23508947,.2806074
50,2,77,ADJ,1,2846,953.1150054931641,.081353068,.024912765,9428.7383,.00002774094,.000019841142,,.1957,.50000381,.56268966,.61876893,1,.73461217,.54817635,.45703062,.44410163,.44215932,.41227013,.41386393
50,2,78,ADJ,1,2841,968.0329971313477,.11217496,.026628872,10234.848,.000028040417,.000019008852,,.1957,.43186221,.52154839,.57493812,.73461217,1,.75836664,.64389741,.60782951,.57428771,.45245969,.51625097
50,2,79,ADJ,2,2521,824.7239999771118,.063744932,.015202715,10301.652,.000026722782,.000017754255,,.1354,.41873747,.45359465,.47353154,.54817635,.75836664,1,.8004114,.69916719,.62960362,.45688233,.52068472
50,2,80,ADJ,2,2517,843.7940006256104,.069468431,.017252509,10110.317,.000025759116,.000017365024,,.1354,.3922033,.37155688,.39000618,.45703062,.64389741,.8004114,1,.77941877,.64189428,.56609386,.58425319
50,2,81,ADJ,2,2511,829.0670022964478,.063586958,.015468511,10227.325,.000023770972,.000016382706,,.1354,.21696199,.24856623,.3132073,.44410163,.60782951,.69916719,.77941877,1,.78387898,.60926783,.59326988
50,2,82,ADJ,1,2820,1002.071999549866,.07265579,.016993523,10740.545,.000024293533,.000016234801,,.1957,.23842622,.30334753,.35009411,.44215932,.57428771,.62960362,.64189428,.78387898,1,.732557,.68060374
50,2,83,ADJ,2,2501,908.1850032806397,.0646905,.01437769,10896.703,.000023458046,.000014650812,,.1354,.25658998,.23542917,.23508947,.41227013,.45245969,.45688233,.56609386,.60926783,.732557,1,.77462602
50,2,84,ADJ,1,2810,1002.028001785278,.079785526,.012570991,11253.325,.000022671573,.000014743979,,.1957,.40580103,.39237165,.2806074,.41386393,.51625097,.52068472,.58425319,.59326988,.68060374,.77462602,1
50,1,74,TAXAB,1,8626,1352.420993804932,.034807213,.023858268,8721.8418,.00028027367,.00019202464,,.3527,1,.72769082,.65003645,.51582122,.42841455,.4010658,.32306165,.427432,.29361221,.37992987,.42099822
50,1,75,TAXAB,2,7381,1379.347003936768,.071227379,.023943905,9171.125,.00021844928,.00013895248,,.19329999,.72769082,1,.75841248,.65620166,.59256101,.54410386,.51783752,.56318611,.37173578,.41993237,.45449075
50,1,76,TAXAB,1,8606,1603.023988723755,.080074959,.030405074,9706.4941,.00023309569,.0001471436,,.3527,.65003645,.75841248,1,.78949249,.58999503,.61054808,.56437212,.6076566,.42430848,.45246211,.43354487
50,1,77,TAXAB,2,7359,1324.571992874146,.12329404,.035733461,10718.373,.00018972957,.00011497718,,.19329999,.51582122,.65620166,.78949249,1,.70132399,.64108855,.60169947,.63522047,.48998055,.50773853,.48187214
50,1,78,TAXAB,2,7348,1348.895992279053,.15930246,.049124334,11255.358,.00017443363,.00010406526,,.19329999,.42841455,.59256101,.58999503,.70132399,1,.7985844,.63555485,.6622538,.43382579,.48054323,.44016081
50,1,79,TAXAB,2,7339,1367.982006072998,.099795878,.031479053,12000.537,.00014529373,.000087886583,,.19329999,.4010658,.54410386,.61054808,.64108855,.7985844,1,.79469192,.69316614,.50655472,.5003463,.50212848
50,1,80,TAXAB,1,8551,1634.800996780396,.096045963,.024091411,11465.67,.00017117793,.00010553168,,.3527,.32306165,.51783752,.56437212,.60169947,.63555485,.79469192,1,.77924305,.78317189,.70071149,.65005469
50,1,81,TAXAB,1,8542,1702.507984161377,.08910501,.02325465,11664.158,.0001563728,.000096527932,,.3527,.427432,.56318611,.6076566,.63522047,.6622538,.69316614,.77924305,1,.67285788,.60611373,.67261249
50,1,82,TAXAB,1,8537,1896.089992523193,.093772992,.020409701,11812.535,.00014135776,.0000851718,,.3527,.29361221,.37173578,.42430848,.48998055,.43382579,.50655472,.78317189,.67285788,1,.79184896,.70100385
50,1,83,TAXAB,2,7310,1666.070983886719,.097215787,.020060141,12519.034,.00010312808,.000062399784,,.19329999,.37992987,.41993237,.45246211,.50773853,.48054323,.5003463,.70071149,.60611373,.79184896,1,.75216532
50,1,84,TAXAB,1,8508,2049.25899887085,.095780589,.022723004,12737.853,.00011501078,.000067816596,,.3527,.42099822,.45449075,.43354487,.48187214,.44016081,.50212848,.65005469,.67261249,.70100385,.75216532,1
50,2,74,TAXAB,1,2859,940.9169912338257,.030167621,.012547945,7431.7749,.000078115307,.000044886852,,.1957,1,.65772742,.6037693,.48681703,.4027887,.44458455,.39404806,.24782458,.25625879,.2683771,.40227145
50,2,75,TAXAB,2,2549,895.7800035476685,.037445713,.012659537,7764.561,.000065523316,.000035616067,,.1354,.65772742,1,.66484213,.51582891,.49007154,.46231559,.36643416,.25304061,.32384479,.25022817,.41074449
50,2,76,TAXAB,1,2848,985.7839889526367,.058607593,.017674642,8285.3672,.000062469931,.000034761757,,.1957,.6037693,.66484213,1,.59894657,.55653858,.47878242,.36528617,.27578124,.33665267,.24127354,.30120808
50,2,77,TAXAB,1,2846,953.1150054931641,.081353068,.024912765,9006.8076,.000059653383,.000032137781,,.1957,.48681703,.51582891,.59894657,1,.69756424,.57154453,.4201355,.43490937,.42830437,.42591441,.43759307
50,2,78,TAXAB,2,2534,849.0260076522827,.099631809,.025669832,9487.208,.000047346046,.000025628657,,.1354,.4027887,.49007154,.55653858,.69756424,1,.74701619,.57596636,.52446282,.49981731,.42470232,.50987732
50,2,79,TAXAB,2,2521,824.7239999771118,.063744932,.015202715,9900.3096,.00004204272,.000023425458,,.1354,.44458455,.46231559,.47878242,.57154453,.74701619,1,.78510541,.67567205,.5906679,.47547901,.55652863
50,2,80,TAXAB,1,2826,933.3579921722412,.070183903,.013203236,9838.8389,.000044779099,.000025494339,,.1957,.39404806,.36643416,.36528617,.4201355,.57596636,.78510541,1,.76397967,.56053507,.48810378,.53314513
50,2,81,TAXAB,1,2822,974.0649909973145,.077331722,.014625516,10214.22,.000041659463,.000022992956,,.1957,.24782458,.25304061,.27578124,.43490937,.52446282,.67567205,.76397967,1,.72734624,.559744,.58362216
50,2,82,TAXAB,1,2820,1002.071999549866,.07265579,.016993523,10224.167,.000039202554,.00002176686,,.1957,.25625879,.32384479,.33665267,.42830437,.49981731,.5906679,.56053507,.72734624,1,.69503772,.66792399
50,2,83,TAXAB,1,2815,1004.84000492096,.075193353,.012138153,10665.097,.000032939497,.000018943418,,.1957,.2683771,.25022817,.24127354,.42591441,.42470232,.47547901,.48810378,.559744,.69503772,1,.74833375
50,2,84,TAXAB,1,2810,1002.028001785278,.079785526,.012570991,10965.579,.00003129688,.000017963557,,.1957,.40227145,.41074449,.30120808,.43759307,.50987732,.55652863,.53314513,.58362216,.66792399,.74833375,1
50,1,78,TOTAL,2,7348,2030.01099395752,.00093287142,.22741453,17273.268,4.7416967e-07,4.7071012e-07,,.19329999,,,,,1,.17739844,.22828342,-.016237995,-.036998753,-.0014047313,-.041529182
50,1,79,TOTAL,2,7339,2162.703010559082,0,.13606407,16052.32,7.7380025e-07,7.6511520e-07,,.19329999,,,,,.17739844,1,.3482019,.13749391,.16507809,.15229364,.14578278
50,1,80,TOTAL,1,8551,2539.38599395752,.00014971022,.12592392,12214.918,.000015970229,.000014288348,,.3527,,,,,.22828342,.3482019,1,.27396861,.24086826,.17945275,.15851696
50,1,81,TOTAL,2,7327,2167.700012207031,.00040412458,.12134185,12778.465,.00006086221,.00003876858,,.19329999,,,,,-.016237995,.13749391,.27396861,1,.60062355,.48321813,.55331868
50,1,82,TOTAL,2,7318,2211.784004211426,.00080196373,.11741336,13138.038,.000051038252,.000033545926,,.19329999,,,,,-.036998753,.16507809,.24086826,.60062355,1,.71009171,.60158014
50,1,83,TOTAL,2,7310,2187.117012023926,.00020593872,.11476038,13977.479,.000024793142,.000019325895,,.19329999,,,,,-.0014047313,.15229364,.17945275,.48321813,.71009171,1,.8076638
50,1,84,TOTAL,1,8508,2587.346012115479,.00015606385,.11850616,14246.659,.000042993306,.000029687151,,.3527,,,,,-.041529182,.14578278,.15851696,.55331868,.60158014,.8076638,1
50,2,78,TOTAL,2,2534,999.0589904785156,0,.15372121,15631.907,3.0818217e-07,3.0233412e-07,,.1354,,,,,1,.43691456,.0075264163,.21229379,.28012875,.13846257,.14777884
50,2,79,TOTAL,1,2834,1120.826992034912,0,.096431591,16050.343,2.5368217e-07,2.4991181e-07,,.1957,,,,,.43691456,1,.34186155,.24641903,.15348995,.14706326,.0015291475
50,2,80,TOTAL,1,2826,1129.243995666504,0,.084296741,10623.337,5.9606355e-06,5.1454867e-06,,.1957,,,,,.0075264163,.34186155,1,.41408074,.21909273,.070876673,.098819166
50,2,81,TOTAL,2,2511,979.8500003814697,0,.082936354,10216.473,.000023342714,.000014400742,,.1354,,,,,.21229379,.24641903,.41408074,1,.73523057,.46538013,.34163693
50,2,82,TOTAL,2,2507,1027.989006042481,0,.077696517,10906.718,.00001814797,.00001135298,,.1354,,,,,.28012875,.15348995,.21909273,.73523057,1,.60142028,.51543003
50,2,83,TOTAL,1,2815,1129.070009231567,0,.08429116,11749.973,.000011751929,8.4790345e-06,,.1957,,,,,.13846257,.14706326,.070876673,.46538013,.60142028,1,.79403234
50,2,84,TOTAL,1,2810,1096.912998199463,0,.087095983,12091.677,.000010087801,7.5502389e-06,,.1957,,,,,.14777884,.0015291475,.098819166,.34163693,.51543003,.79403234,1
50,1,74,ADJ,2,7390,1228.629999160767,.048489377,.020301815,9227.3525,.00019927174,.00013840759,,.19329999,1,.77135831,.69483513,.5680154,.47650367,.40712124,.34270778,.472947,.35488653,.38729551,.40879324
50,1,75,ADJ,2,7381,1379.347003936768,.071227379,.023943905,9484.2422,.00015450786,.00010999711,,.19329999,.77135831,1,.80331779,.71135074,.64306563,.53959018,.53392202,.57763851,.40669954,.39848506,.40810561
50,1,76,ADJ,2,7369,1372.093997955322,.09510538,.030126536,10529.108,.00013575879,.000095126728,,.19329999,.69483513,.80331779,1,.81918144,.64981115,.61018765,.57566899,.61715877,.43717015,.44455999,.42339289
50,1,77,ADJ,2,7359,1324.571992874146,.12329404,.035733461,11256.787,.0001292896,.000089595364,,.19329999,.5680154,.71135074,.81918144,1,.73078823,.66164881,.64452153,.68931752,.55216336,.56685126,.48847538
50,1,78,ADJ,2,7348,1348.895992279053,.15930246,.049124334,12025.425,.00010741544,.000075837066,,.19329999,.47650367,.64306563,.64981115,.73078823,1,.8108601,.69024533,.70468205,.48916522,.50355726,.42948821
50,1,79,ADJ,2,7339,1367.982006072998,.099795878,.031479053,12529.191,.0001039932,.000070863156,,.19329999,.40712124,.53959018,.61018765,.66164881,.8108601,1,.81615031,.73510188,.55731541,.53378898,.48561585
50,1,80,ADJ,1,8551,1634.800996780396,.096045963,.024091411,11940.74,.00012335439,.000085173961,,.3527,.34270778,.53392202,.57566899,.64452153,.69024533,.81615031,1,.81148255,.78974766,.7015174,.6241101
50,1,81,ADJ,1,8542,1702.507984161377,.08910501,.02325465,12118.178,.00010841156,.000075821736,,.3527,.472947,.57763851,.61715877,.68931752,.70468205,.73510188,.81148255,1,.72864467,.63436896,.66685414
50,1,82,ADJ,1,8537,1896.089992523193,.093772992,.020409701,12505.357,.0000832121,.000059936912,,.3527,.35488653,.40669954,.43717015,.55216336,.48916522,.55731541,.78974766,.72864467,1,.80891335,.71032542
50,1,83,ADJ,2,7310,1666.070983886719,.097215787,.020060141,13207.372,.000066178509,.00004664253,,.19329999,.38729551,.39848506,.44455999,.56685126,.50355726,.53378898,.7015174,.63436896,.80891335,1,.79067647
50,1,84,ADJ,2,7303,1739.588001251221,.10968664,.019459821,13806.922,.000057617119,.000040586423,,.19329999,.40879324,.40810561,.42339289,.48847538,.42948821,.48561585,.6241101,.66685414,.71032542,.79067647,1
51,1,74,ADJ,69,243,32.07600021362305,.018433182,.0057603684,7811.1924,9.3241688e-06,6.9049524e-06,1348,.055020407,1,.76285625,.70235133,.56933463,.62318796,.49197978,.54557073,.46148255,.35958233,.19661927,.32368454
51,1,74,ADJ,8,221,28.06700134277344,0,.036655214,8043.3428,9.0729009e-06,6.5443019e-06,4931,.22312216,1,.76285625,.70235133,.56933463,.62318796,.49197978,.54557073,.46148255,.35958233,.19661927,.32368454
51,1,74,ADJ,9,269,32.01100158691406,.021566402,.012485811,7461.5151,.000010765346,8.3124696e-06,5094,.18866667,1,.76285625,.70235133,.56933463,.62318796,.49197978,.54557073,.46148255,.35958233,.19661927,.32368454
51,1,74,ADJ,4,272,29.10400009155273,.020156775,.012318027,7804.1934,.0000109444,8.4937983e-06,5463,.20084558,1,.76285625,.70235133,.56933463,.62318796,.49197978,.54557073,.46148255,.35958233,.19661927,.32368454
51,1,74,ADJ,64,213,34.07999801635742,.010714285,.011904762,8627.9785,7.1476497e-06,4.8563306e-06,1204,.056261681,1,.76285625,.70235133,.56933463,.62318796,.49197978,.54557073,.46148255,.35958233,.19661927,.32368454
51,1,74,ADJ,12,197,22.06400108337402,.040540539,.022522528,8593.8574,6.1067453e-06,4.7724316e-06,4412,.22282828,1,.76285625,.70235133,.56933463,.62318796,.49197978,.54557073,.46148255,.35958233,.19661927,.32368454
51,1,74,ADJ,10,225,27,.045454547,.014772728,8497.1768,6.5630929e-06,5.1399907e-06,5127,.22585903,1,.76285625,.70235133,.56933463,.62318796,.49197978,.54557073,.46148255,.35958233,.19661927,.32368454
51,1,74,ADJ,48,226,23.95599937438965,.014541387,0,7875.188,9.3689005e-06,7.2011212e-06,1590,.070044056,1,.76285625,.70235133,.56933463,.62318796,.49197978,.54557073,.46148255,.35958233,.19661927,.32368454
51,1,74,ADJ,32,246,30.99600028991699,.042334098,.013729976,8485.042,7.8127941e-06,5.9251606e-06,2110,.085772358,1,.76285625,.70235133,.56933463,.62318796,.49197978,.54557073,.46148255,.35958233,.19661927,.32368454
51,1,74,ADJ,54,215,32.89500045776367,.03305785,.016528925,8489.8604,5.4994157e-06,4.1527069e-06,1417,.065601856,1,.76285625,.70235133,.56933463,.62318796,.49197978,.54557073,.46148255,.35958233,.19661927,.32368454
51,1,74,ADJ,72,234,37.90800094604492,.031026253,.0095465407,8766.2295,7.4582799e-06,5.1007164e-06,1366,.05837607,1,.76285625,.70235133,.56933463,.62318796,.49197978,.54557073,.46148255,.35958233,.19661927,.32368454
51,1,74,ADJ,67,197,34.08099746704102,.024183795,.0060459515,8528.0518,5.8430237e-06,4.0503205e-06,1336,.067817256,1,.76285625,.70235133,.56933463,.62318796,.49197978,.54557073,.46148255,.35958233,.19661927,.32368454
51,1,74,ADJ,41,218,35.09799957275391,.048867702,.016686527,8345.1172,6.2685690e-06,4.5783900e-06,1504,.068675801,1,.76285625,.70235133,.56933463,.62318796,.49197978,.54557073,.46148255,.35958233,.19661927,.32368454
51,1,74,ADJ,5,233,30.05699920654297,.044776119,.0045924233,8505.0596,7.7595050e-06,5.7727611e-06,4778,.20331915,1,.76285625,.70235133,.56933463,.62318796,.49197978,.54557073,.46148255,.35958233,.19661927,.32368454
51,1,74,ADJ,36,206,31.93000030517578,.01775148,.0047337273,8038.3408,7.4564241e-06,5.2413593e-06,1598,.077198066,1,.76285625,.70235133,.56933463,.62318796,.49197978,.54557073,.46148255,.35958233,.19661927,.32368454
51,1,74,ADJ,7,240,24,.023333333,.0044444446,7709.2358,8.3020832e-06,6.7840410e-06,5170,.21363637,1,.76285625,.70235133,.56933463,.62318796,.49197978,.54557073,.46148255,.35958233,.19661927,.32368454
51,1,74,ADJ,43,228,26.90399932861328,.020408161,.01473923,7731.8613,7.5626931e-06,5.9994518e-06,1286,.056157205,1,.76285625,.70235133,.56933463,.62318796,.49197978,.54557073,.46148255,.35958233,.19661927,.32368454
51,1,74,ADJ,58,232,32.94400024414063,.039627042,.0058275051,8323.2822,7.8818175e-06,5.7237230e-06,1556,.06565401,1,.76285625,.70235133,.56933463,.62318796,.49197978,.54557073,.46148255,.35958233,.19661927,.32368454
51,1,74,ADJ,55,224,32.03200149536133,.010501749,.021003503,8432.8584,7.6829519e-06,5.4738989e-06,1478,.065110132,1,.76285625,.70235133,.56933463,.62318796,.49197978,.54557073,.46148255,.35958233,.19661927,.32368454
51,1,74,ADJ,30,219,33.94499969482422,.0059171598,.037869822,8778.917,6.7706906e-06,4.7180247e-06,2273,.10378996,1,.76285625,.70235133,.56933463,.62318796,.49197978,.54557073,.46148255,.35958233,.19661927,.32368454
51,1,74,ADJ,6,239,34.89400100708008,.019906323,.0046838401,7567.9805,8.6383025e-06,6.4100477e-06,5138,.21057378,1,.76285625,.70235133,.56933463,.62318796,.49197978,.54557073,.46148255,.35958233,.19661927,.32368454
51,1,74,ADJ,47,243,34.99199676513672,.024532711,.0046728975,8174.8574,9.4320048e-06,6.6072380e-06,1396,.056979593,1,.76285625,.70235133,.56933463,.62318796,.49197978,.54557073,.46148255,.35958233,.19661927,.32368454
51,1,74,ADJ,49,219,31.9739990234375,.026932085,.031615924,8352.5732,6.2717295e-06,4.7009503e-06,1460,.066063352,1,.76285625,.70235133,.56933463,.62318796,.49197978,.54557073,.46148255,.35958233,.19661927,.32368454
51,1,74,ADJ,53,269,33.89400100708008,.01716247,.0080091525,7953.4482,9.3507788e-06,7.1250415e-06,1427,.052656826,1,.76285625,.70235133,.56933463,.62318796,.49197978,.54557073,.46148255,.35958233,.19661927,.32368454
51,1,74,ADJ,23,220,25.96000099182129,.015873017,0,8038.9531,9.4445040e-06,6.9129064e-06,4028,.18309091,1,.76285625,.70235133,.56933463,.62318796,.49197978,.54557073,.46148255,.35958233,.19661927,.32368454
51,1,74,ADJ,37,244,43.92000198364258,.024390245,.02560976,8880.4375,7.3002102e-06,4.8399293e-06,1686,.068816327,1,.76285625,.70235133,.56933463,.62318796,.49197978,.54557073,.46148255,.35958233,.19661927,.32368454
51,1,74,ADJ,1,226,25.98999977111816,.020338982,.01920904,7861.6328,7.4127879e-06,5.8886735e-06,5197,.22793859,1,.76285625,.70235133,.56933463,.62318796,.49197978,.54557073,.46148255,.35958233,.19661927,.32368454
51,1,74,ADJ,60,230,29.89999961853027,.034482758,.020689657,8587.2188,7.2824901e-06,5.4369352e-06,1185,.0512987,1,.76285625,.70235133,.56933463,.62318796,.49197978,.54557073,.46148255,.35958233,.19661927,.32368454
51,1,74,ADJ,22,242,27.10400009155273,.028153153,.032657661,8418.4902,7.4517729e-06,5.8719907e-06,4705,.19282787,1,.76285625,.70235133,.56933463,.62318796,.49197978,.54557073,.46148255,.35958233,.19661927,.32368454
51,1,74,ADJ,26,230,43.01000213623047,.031980321,.015990162,8154.3345,7.3059018e-06,4.9599371e-06,2620,.11196581,1,.76285625,.70235133,.56933463,.62318796,.49197978,.54557073,.46148255,.35958233,.19661927,.32368454
51,1,74,ADJ,59,246,34.93200302124023,.02797203,.015151516,8734.1592,8.6989539e-06,6.0543584e-06,1440,.058536585,1,.76285625,.70235133,.56933463,.62318796,.49197978,.54557073,.46148255,.35958233,.19661927,.32368454
51,1,74,ADJ,29,230,25.06999969482422,.019079687,.02020202,7983.1099,8.1665003e-06,6.4184210e-06,2264,.098434784,1,.76285625,.70235133,.56933463,.62318796,.49197978,.54557073,.46148255,.35958233,.19661927,.32368454
51,1,74,ADJ,33,220,34.97999954223633,.027348394,.004756243,7920.0894,7.7390541e-06,5.4985549e-06,2169,.09859091,1,.76285625,.70235133,.56933463,.62318796,.49197978,.54557073,.46148255,.35958233,.19661927,.32368454
51,1,74,ADJ,68,228,35.11199951171875,.036643025,.0047281333,8287.3652,7.7880386e-06,5.5064888e-06,1439,.062565215,1,.76285625,.70235133,.56933463,.62318796,.49197978,.54557073,.46148255,.35958233,.19661927,.32368454
51,1,74,ADJ,56,237,32.94300079345703,.034843203,.0092915213,8799.7773,7.3082606e-06,5.3142689e-06,1300,.054852322,1,.76285625,.70235133,.56933463,.62318796,.49197978,.54557073,.46148255,.35958233,.19661927,.32368454
51,1,74,ADJ,42,229,27.9379997253418,.039863326,.014806375,8065.5947,6.7086658e-06,5.3412477e-06,1709,.074628823,1,.76285625,.70235133,.56933463,.62318796,.49197978,.54557073,.46148255,.35958233,.19661927,.32368454
51,1,74,ADJ,19,230,32.8900032043457,.019836642,.0210035,7816.4727,8.5717411e-06,6.2411114e-06,4812,.20921738,1,.76285625,.70235133,.56933463,.62318796,.49197978,.54557073,.46148255,.35958233,.19661927,.32368454
51,1,74,ADJ,57,239,44.93199920654297,.016009852,.024630541,8759.3447,6.7575429e-06,4.5168867e-06,1296,.054000001,1,.76285625,.70235133,.56933463,.62318796,.49197978,.54557073,.46148255,.35958233,.19661927,.32368454
51,1,74,ADJ,44,198,24.94799995422363,.05148742,.024027454,8739.8115,5.6104377e-06,4.3167606e-06,1571,.078550003,1,.76285625,.70235133,.56933463,.62318796,.49197978,.54557073,.46148255,.35958233,.19661927,.32368454
51,1,74,ADJ,73,205,28.08499908447266,.033603705,.011587489,8528.2393,7.1659056e-06,5.1446609e-06,1578,.076975606,1,.76285625,.70235133,.56933463,.62318796,.49197978,.54557073,.46148255,.35958233,.19661927,.32368454
51,1,74,ADJ,13,203,36.94599914550781,.018337408,.012224942,8032.9702,6.3284187e-06,4.3926711e-06,4651,.2279902,1,.76285625,.70235133,.56933463,.62318796,.49197978,.54557073,.46148255,.35958233,.19661927,.32368454
51,1,74,ADJ,31,181,26.06399917602539,.045560747,.012850468,8161.125,5.0840540e-06,3.9020624e-06,2212,.12087432,1,.76285625,.70235133,.56933463,.62318796,.49197978,.54557073,.46148255,.35958233,.19661927,.32368454
51,1,74,ADJ,16,202,23.02799987792969,.011286682,.022573363,8334.7002,7.4304039e-06,5.6045847e-06,4605,.22684729,1,.76285625,.70235133,.56933463,.62318796,.49197978,.54557073,.46148255,.35958233,.19661927,.32368454
51,1,74,ADJ,14,214,29.10400199890137,.021990741,.010416667,8391.2002,8.1491189e-06,5.7607717e-06,5242,.24045871,1,.76285625,.70235133,.56933463,.62318796,.49197978,.54557073,.46148255,.35958233,.19661927,.32368454
51,1,74,ADJ,45,236,34.92800140380859,.019953052,.015258215,8550.9668,8.2420593e-06,5.7372285e-06,1375,.058016878,1,.76285625,.70235133,.56933463,.62318796,.49197978,.54557073,.46148255,.35958233,.19661927,.32368454
51,1,74,ADJ,24,227,27.92100143432617,.014823261,.020524515,8187.8701,8.6723103e-06,6.4010806e-06,4022,.17411256,1,.76285625,.70235133,.56933463,.62318796,.49197978,.54557073,.46148255,.35958233,.19661927,.32368454
51,1,74,ADJ,62,248,47.11999893188477,.024691358,.0049382723,7411.8833,7.8279136e-06,5.6009467e-06,1578,.06312,1,.76285625,.70235133,.56933463,.62318796,.49197978,.54557073,.46148255,.35958233,.19661927,.32368454
51,1,74,ADJ,70,213,31.95000076293945,.022352941,.010588237,7717.3154,6.6551656e-06,5.0342919e-06,1446,.067887321,1,.76285625,.70235133,.56933463,.62318796,.49197978,.54557073,.46148255,.35958233,.19661927,.32368454
51,1,74,ADJ,46,249,38.09700012207031,.028335301,.0094451029,8278.6973,8.1260669e-06,5.8263668e-06,1453,.058120001,1,.76285625,.70235133,.56933463,.62318796,.49197978,.54557073,.46148255,.35958233,.19661927,.32368454
51,1,74,ADJ,20,240,32.87999725341797,.019698728,.0092699863,7960.5566,9.4962079e-06,6.8249492e-06,4390,.17991804,1,.76285625,.70235133,.56933463,.62318796,.49197978,.54557073,.46148255,.35958233,.19661927,.32368454
51,1,74,ADJ,65,223,35.01100158691406,.021352313,.0047449595,7915.1899,8.5078373e-06,5.9203658e-06,1560,.069955155,1,.76285625,.70235133,.56933463,.62318796,.49197978,.54557073,.46148255,.35958233,.19661927,.32368454
51,1,74,ADJ,11,233,37.0469970703125,.030915577,.0095124869,7776.915,7.6490242e-06,5.6023528e-06,4658,.19991416,1,.76285625,.70235133,.56933463,.62318796,.49197978,.54557073,.46148255,.35958233,.19661927,.32368454
51,1,74,ADJ,63,252,34.02000045776367,.032369941,.013872831,8243.0938,8.1599037e-06,6.1154842e-06,1709,.067283466,1,.76285625,.70235133,.56933463,.62318796,.49197978,.54557073,.46148255,.35958233,.19661927,.32368454
51,1,74,ADJ,25,220,25.07999992370606,.020316025,.010158014,8491.2773,7.9713955e-06,5.9903123e-06,3930,.17623319,1,.76285625,.70235133,.56933463,.62318796,.49197978,.54557073,.46148255,.35958233,.19661927,.32368454
51,1,74,ADJ,71,212,39.00799942016602,.011029411,.018382352,7738.5845,8.1686467e-06,5.3907920e-06,1220,.057276994,1,.76285625,.70235133,.56933463,.62318796,.49197978,.54557073,.46148255,.35958233,.19661927,.32368454
51,1,74,ADJ,34,226,39.09799957275391,.032648128,.0048367581,8166.0386,7.5104413e-06,5.1757188e-06,2213,.097488984,1,.76285625,.70235133,.56933463,.62318796,.49197978,.54557073,.46148255,.35958233,.19661927,.32368454
51,1,74,ADJ,50,247,41.00199890136719,.023980815,.019184649,8443.2461,7.4943323e-06,5.2692731e-06,1590,.063855425,1,.76285625,.70235133,.56933463,.62318796,.49197978,.54557073,.46148255,.35958233,.19661927,.32368454
51,1,74,ADJ,21,206,29.04600143432617,.022118742,.023282891,7920.4434,7.3036090e-06,5.3774002e-06,4244,.20502415,1,.76285625,.70235133,.56933463,.62318796,.49197978,.54557073,.46148255,.35958233,.19661927,.32368454
51,1,74,ADJ,15,233,41.94000244140625,.031707317,.0097560994,8545.3311,7.5566522e-06,5.0148174e-06,4925,.20957446,1,.76285625,.70235133,.56933463,.62318796,.49197978,.54557073,.46148255,.35958233,.19661927,.32368454
51,1,74,ADJ,40,235,39.0099983215332,.020383693,.0047961622,8164.3579,7.5442572e-06,5.3175554e-06,1729,.073574468,1,.76285625,.70235133,.56933463,.62318796,.49197978,.54557073,.46148255,.35958233,.19661927,.32368454
51,1,74,ADJ,66,242,35.09000015258789,.014035088,.0058479547,7834.3125,9.2360096e-06,6.6329389e-06,1320,.05409836,1,.76285625,.70235133,.56933463,.62318796,.49197978,.54557073,.46148255,.35958233,.19661927,.32368454
51,1,74,ADJ,39,273,37.12800216674805,.033564813,.012731482,8540.2012,9.3385243e-06,6.7557048e-06,1905,.069525547,1,.76285625,.70235133,.56933463,.62318796,.49197978,.54557073,.46148255,.35958233,.19661927,.32368454
51,1,74,ADJ,38,217,31.89900016784668,.026963659,.016412662,8738.5352,7.3614078e-06,5.1222974e-06,1407,.064838707,1,.76285625,.70235133,.56933463,.62318796,.49197978,.54557073,.46148255,.35958233,.19661927,.32368454
51,1,74,ADJ,61,239,43.97600173950195,.020833334,.025735293,8055.2158,7.0095557e-06,4.9306745e-06,1600,.06666667,1,.76285625,.70235133,.56933463,.62318796,.49197978,.54557073,.46148255,.35958233,.19661927,.32368454
51,1,74,ADJ,18,228,33.05999755859375,.030409357,.015204679,7881.4961,7.4438981e-06,5.5759506e-06,4925,.21600877,1,.76285625,.70235133,.56933463,.62318796,.49197978,.54557073,.46148255,.35958233,.19661927,.32368454
51,1,74,ADJ,52,229,33.89200210571289,.019953052,.016431924,7564.4917,7.1889945e-06,5.5025425e-06,1274,.055151515,1,.76285625,.70235133,.56933463,.62318796,.49197978,.54557073,.46148255,.35958233,.19661927,.32368454
51,1,74,ADJ,51,178,17.08799934387207,.012168141,.025442481,7872.9292,5.6055028e-06,4.6514097e-06,1591,.088882685,1,.76285625,.70235133,.56933463,.62318796,.49197978,.54557073,.46148255,.35958233,.19661927,.32368454
51,1,74,ADJ,35,240,40.07999801635742,.030012004,.014405763,8433.9414,7.3460701e-06,5.1514426e-06,1763,.072851241,1,.76285625,.70235133,.56933463,.62318796,.49197978,.54557073,.46148255,.35958233,.19661927,.32368454
51,1,74,ADJ,3,220,33,.02117647,.0058823535,8111.1323,8.1381395e-06,5.7234092e-06,4801,.21723981,1,.76285625,.70235133,.56933463,.62318796,.49197978,.54557073,.46148255,.35958233,.19661927,.32368454
51,1,74,ADJ,28,221,34.03400039672852,.04255319,.037825063,8150.3164,6.0878888e-06,4.6071182e-06,2090,.093721971,1,.76285625,.70235133,.56933463,.62318796,.49197978,.54557073,.46148255,.35958233,.19661927,.32368454
51,1,74,ADJ,17,238,31.89200019836426,.015011548,.01847575,7499.6426,8.7822382e-06,6.6693956e-06,4920,.20330578,1,.76285625,.70235133,.56933463,.62318796,.49197978,.54557073,.46148255,.35958233,.19661927,.32368454
51,1,74,ADJ,27,233,26.09600067138672,.077702701,.019144146,8349.6211,6.2214385e-06,5.0986937e-06,2421,.10346154,1,.76285625,.70235133,.56933463,.62318796,.49197978,.54557073,.46148255,.35958233,.19661927,.32368454
51,1,74,ADJ,2,227,27.92100143432617,.045610033,0,7940.7788,7.6619262e-06,5.9533904e-06,4888,.21344978,1,.76285625,.70235133,.56933463,.62318796,.49197978,.54557073,.46148255,.35958233,.19661927,.32368454
51,1,75,ADJ,25,220,31.02000045776367,.068684518,.026775323,9051.4258,5.6041390e-06,4.2400329e-06,3930,.17623319,.76285625,1,.75270694,.59366691,.61965269,.52756166,.53490311,.50101769,.34261417,.22677176,.27909622
51,1,75,ADJ,11,231,43.88999938964844,.059259262,.016049383,8140.0664,6.2710833e-06,4.4880176e-06,4658,.19991416,.76285625,1,.75270694,.59366691,.61965269,.52756166,.53490311,.50101769,.34261417,.22677176,.27909622
51,1,75,ADJ,53,268,46.89999771118164,.026666665,.014545457,8206.501,8.0886666e-06,5.6969379e-06,1427,.052656826,.76285625,1,.75270694,.59366691,.61965269,.52756166,.53490311,.50101769,.34261417,.22677176,.27909622
51,1,75,ADJ,55,224,36.06399917602539,.03218117,.026221689,8751.9336,7.1283080e-06,4.9030837e-06,1478,.065110132,.76285625,1,.75270694,.59366691,.61965269,.52756166,.53490311,.50101769,.34261417,.22677176,.27909622
51,1,75,ADJ,73,205,34.02999877929688,.046762593,.0059951986,8534.4072,6.1090541e-06,4.3235909e-06,1578,.076975606,.76285625,1,.75270694,.59366691,.61965269,.52756166,.53490311,.50101769,.34261417,.22677176,.27909622
51,1,75,ADJ,44,197,34.08099746704102,.073760584,.018137841,9242.5908,5.0242656e-06,3.5218131e-06,1571,.078550003,.76285625,1,.75270694,.59366691,.61965269,.52756166,.53490311,.50101769,.34261417,.22677176,.27909622
51,1,75,ADJ,24,227,44.94599914550781,.049875312,.032418955,9186.125,6.1816991e-06,4.0075333e-06,4022,.17411256,.76285625,1,.75270694,.59366691,.61965269,.52756166,.53490311,.50101769,.34261417,.22677176,.27909622
51,1,75,ADJ,20,240,34.08000183105469,.058275059,.015151515,8803.8984,7.0688338e-06,5.2063770e-06,4390,.17991804,.76285625,1,.75270694,.59366691,.61965269,.52756166,.53490311,.50101769,.34261417,.22677176,.27909622
51,1,75,ADJ,71,212,46.00399780273438,.0357599,0,7903.2461,6.3953953e-06,4.2547031e-06,1220,.057276994,.76285625,1,.75270694,.59366691,.61965269,.52756166,.53490311,.50101769,.34261417,.22677176,.27909622
51,1,75,ADJ,3,219,38.98200225830078,.038929444,.017031631,8788.748,6.4531996e-06,4.3743125e-06,4801,.21723981,.76285625,1,.75270694,.59366691,.61965269,.52756166,.53490311,.50101769,.34261417,.22677176,.27909622
51,1,75,ADJ,9,269,40.88800048828125,.035377357,.012971701,7747.1123,8.6218242e-06,6.4723572e-06,5094,.18866667,.76285625,1,.75270694,.59366691,.61965269,.52756166,.53490311,.50101769,.34261417,.22677176,.27909622
51,1,75,ADJ,19,230,39.10000228881836,.020481929,.021686746,7978.3574,7.3474271e-06,5.2189835e-06,4812,.20921738,.76285625,1,.75270694,.59366691,.61965269,.52756166,.53490311,.50101769,.34261417,.22677176,.27909622
51,1,75,ADJ,5,232,31.0880012512207,.054272514,.020785222,8797.8301,6.2415415e-06,4.7783051e-06,4778,.20331915,.76285625,1,.75270694,.59366691,.61965269,.52756166,.53490311,.50101769,.34261417,.22677176,.27909622
51,1,75,ADJ,30,219,40.9530029296875,.061500616,.028290281,9212.3145,5.2912337e-06,3.6583799e-06,2273,.10378996,.76285625,1,.75270694,.59366691,.61965269,.52756166,.53490311,.50101769,.34261417,.22677176,.27909622
51,1,75,ADJ,59,246,39.11399841308594,.063020214,.0047562434,8942.2539,7.0134279e-06,4.9859937e-06,1440,.058536585,.76285625,1,.75270694,.59366691,.61965269,.52756166,.53490311,.50101769,.34261417,.22677176,.27909622
51,1,75,ADJ,46,249,48.05699920654297,.044609662,.019826518,8768.9531,7.1882314e-06,4.7632070e-06,1453,.058120001,.76285625,1,.75270694,.59366691,.61965269,.52756166,.53490311,.50101769,.34261417,.22677176,.27909622
51,1,75,ADJ,47,242,35.09000015258789,.029239766,.014035089,8432.6338,7.1246045e-06,5.2967871e-06,1396,.056979593,.76285625,1,.75270694,.59366691,.61965269,.52756166,.53490311,.50101769,.34261417,.22677176,.27909622
51,1,75,ADJ,15,233,44.96900177001953,.048327137,.0099132555,8590.6797,6.4892129e-06,4.4165577e-06,4925,.20957446,.76285625,1,.75270694,.59366691,.61965269,.52756166,.53490311,.50101769,.34261417,.22677176,.27909622
51,1,75,ADJ,8,221,32.92900085449219,.031727381,.031727381,8471.7295,7.0560550e-06,5.0797221e-06,4931,.22312216,.76285625,1,.75270694,.59366691,.61965269,.52756166,.53490311,.50101769,.34261417,.22677176,.27909622
51,1,75,ADJ,60,229,29.08300018310547,.059564721,.030927842,8666.4023,5.8873684e-06,4.6525943e-06,1185,.0512987,.76285625,1,.75270694,.59366691,.61965269,.52756166,.53490311,.50101769,.34261417,.22677176,.27909622
51,1,75,ADJ,65,223,37.90999984741211,.032530122,.0048192758,8202.4668,6.7430465e-06,4.8050115e-06,1560,.069955155,.76285625,1,.75270694,.59366691,.61965269,.52756166,.53490311,.50101769,.34261417,.22677176,.27909622
51,1,75,ADJ,23,220,34.09999847412109,.037869826,.021301772,8634.6211,7.2677622e-06,5.0618301e-06,4028,.18309091,.76285625,1,.75270694,.59366691,.61965269,.52756166,.53490311,.50101769,.34261417,.22677176,.27909622
51,1,75,ADJ,10,225,27.89999961853027,.060502283,.035388123,8584.5146,6.0899183e-06,4.8089655e-06,5127,.22585903,.76285625,1,.75270694,.59366691,.61965269,.52756166,.53490311,.50101769,.34261417,.22677176,.27909622
51,1,75,ADJ,4,272,44.06399917602539,.039379474,.013126494,8181.543,8.1229764e-06,5.9229433e-06,5463,.20084558,.76285625,1,.75270694,.59366691,.61965269,.52756166,.53490311,.50101769,.34261417,.22677176,.27909622
51,1,75,ADJ,41,218,35.09799957275391,.071513705,.010727055,8633.1182,4.8572092e-06,3.7434475e-06,1504,.068675801,.76285625,1,.75270694,.59366691,.61965269,.52756166,.53490311,.50101769,.34261417,.22677176,.27909622
51,1,75,ADJ,39,272,41.88800048828125,.043735225,.013002362,8789.583,8.2973929e-06,5.8772102e-06,1905,.069525547,.76285625,1,.75270694,.59366691,.61965269,.52756166,.53490311,.50101769,.34261417,.22677176,.27909622
51,1,75,ADJ,34,226,40.00199890136719,.064398542,.010935604,8156.9121,5.9405656e-06,4.3928180e-06,2213,.097488984,.76285625,1,.75270694,.59366691,.61965269,.52756166,.53490311,.50101769,.34261417,.22677176,.27909622
51,1,75,ADJ,51,178,27.94600105285645,.033214711,.020166073,8374.0742,5.3521580e-06,3.8780672e-06,1591,.088882685,.76285625,1,.75270694,.59366691,.61965269,.52756166,.53490311,.50101769,.34261417,.22677176,.27909622
51,1,75,ADJ,66,241,46.99499893188477,.031055901,.014906831,8514.0439,7.0264982e-06,4.6941650e-06,1320,.05409836,.76285625,1,.75270694,.59366691,.61965269,.52756166,.53490311,.50101769,.34261417,.22677176,.27909622
51,1,75,ADJ,22,242,30.97600173950195,.042431194,.024082564,9016.1787,6.4998271e-06,4.9680343e-06,4705,.19282787,.76285625,1,.75270694,.59366691,.61965269,.52756166,.53490311,.50101769,.34261417,.22677176,.27909622
51,1,75,ADJ,32,246,39.11399841308594,.048751488,.033293691,8566.8135,6.3502885e-06,4.7327808e-06,2110,.085772358,.76285625,1,.75270694,.59366691,.61965269,.52756166,.53490311,.50101769,.34261417,.22677176,.27909622
51,1,75,ADJ,13,201,36.98400115966797,.06127451,.024509801,7858.7197,5.1876423e-06,3.8801836e-06,4651,.2279902,.76285625,1,.75270694,.59366691,.61965269,.52756166,.53490311,.50101769,.34261417,.22677176,.27909622
51,1,75,ADJ,28,221,40.00099945068359,.043956041,.021978023,8187.6787,6.0554603e-06,4.3614959e-06,2090,.093721971,.76285625,1,.75270694,.59366691,.61965269,.52756166,.53490311,.50101769,.34261417,.22677176,.27909622
51,1,75,ADJ,48,226,32.09200286865234,.020979021,.0046620062,8382.624,8.0719383e-06,5.7372245e-06,1590,.070044056,.76285625,1,.75270694,.59366691,.61965269,.52756166,.53490311,.50101769,.34261417,.22677176,.27909622
51,1,75,ADJ,64,213,40.89599990844727,.011138613,.012376238,8747.2246,7.0168744e-06,4.4054837e-06,1204,.056261681,.76285625,1,.75270694,.59366691,.61965269,.52756166,.53490311,.50101769,.34261417,.22677176,.27909622
51,1,75,ADJ,43,228,46.96799850463867,.032745592,.011335013,8165.0254,6.3029024e-06,4.3092018e-06,1286,.056157205,.76285625,1,.75270694,.59366691,.61965269,.52756166,.53490311,.50101769,.34261417,.22677176,.27909622
51,1,75,ADJ,58,232,38.04800033569336,.046650719,.0047846911,8410.1641,6.9018129e-06,4.9498667e-06,1556,.06565401,.76285625,1,.75270694,.59366691,.61965269,.52756166,.53490311,.50101769,.34261417,.22677176,.27909622
51,1,75,ADJ,2,226,42.0359992980957,.042997543,.0061425068,8018.7026,6.3573889e-06,4.5558086e-06,4888,.21344978,.76285625,1,.75270694,.59366691,.61965269,.52756166,.53490311,.50101769,.34261417,.22677176,.27909622
51,1,75,ADJ,56,237,40.05300140380859,.045728035,.02527076,9053.5244,6.7248775e-06,4.6259274e-06,1300,.054852322,.76285625,1,.75270694,.59366691,.61965269,.52756166,.53490311,.50101769,.34261417,.22677176,.27909622
51,1,75,ADJ,14,214,34.02599716186523,.049940545,.0059453016,9053.71,7.2362236e-06,4.8217535e-06,5242,.24045871,.76285625,1,.75270694,.59366691,.61965269,.52756166,.53490311,.50101769,.34261417,.22677176,.27909622
51,1,75,ADJ,69,243,42.03899765014648,.054413546,.020556225,8207.9219,6.7081678e-06,4.9024688e-06,1348,.055020407,.76285625,1,.75270694,.59366691,.61965269,.52756166,.53490311,.50101769,.34261417,.22677176,.27909622
51,1,75,ADJ,62,248,49.10400009155273,.044887777,.014962598,7723.7358,6.2161362e-06,4.5981042e-06,1578,.06312,.76285625,1,.75270694,.59366691,.61965269,.52756166,.53490311,.50101769,.34261417,.22677176,.27909622
51,1,75,ADJ,7,240,37.92000198364258,.029691212,.014251783,8351.9463,8.1088283e-06,5.6723497e-06,5170,.21363637,.76285625,1,.75270694,.59366691,.61965269,.52756166,.53490311,.50101769,.34261417,.22677176,.27909622
51,1,75,ADJ,35,240,48,.036249999,.010000001,8395.4541,6.9879766e-06,4.6736859e-06,1763,.072851241,.76285625,1,.75270694,.59366691,.61965269,.52756166,.53490311,.50101769,.34261417,.22677176,.27909622
51,1,75,ADJ,29,228,36.93600082397461,.052505966,.026252987,8568.4961,6.0242864e-06,4.4409467e-06,2264,.098434784,.76285625,1,.75270694,.59366691,.61965269,.52756166,.53490311,.50101769,.34261417,.22677176,.27909622
51,1,75,ADJ,40,234,47.03400039672852,.047559444,.027534422,9160.875,6.0655857e-06,3.9791398e-06,1729,.073574468,.76285625,1,.75270694,.59366691,.61965269,.52756166,.53490311,.50101769,.34261417,.22677176,.27909622
51,1,75,ADJ,37,244,41.96800231933594,.068840578,.025362317,9030.7119,6.0459174e-06,4.3367486e-06,1686,.068816327,.76285625,1,.75270694,.59366691,.61965269,.52756166,.53490311,.50101769,.34261417,.22677176,.27909622
51,1,75,ADJ,16,202,28.07799911499023,.046457607,.016260162,8867.3057,5.6884851e-06,4.2376173e-06,4605,.22684729,.76285625,1,.75270694,.59366691,.61965269,.52756166,.53490311,.50101769,.34261417,.22677176,.27909622
51,1,75,ADJ,36,206,39.9640007019043,.029776676,.0062034721,8181.2915,6.3921811e-06,4.3039195e-06,1598,.077198066,.76285625,1,.75270694,.59366691,.61965269,.52756166,.53490311,.50101769,.34261417,.22677176,.27909622
